1 dict_values([1])
2 dict_values([1, 1])
3 dict_values([1, 1, 1])
4 dict_values([1, 1, 1, 1])
5 dict_values([1, 1, 1, 1, 1])
6 dict_values([1, 1, 1, 1, 1, 1])
7 dict_values([1, 1, 1, 1, 1, 1, 1])
8 dict_values([1, 1, 1, 1, 1, 1, 1, 1])
9 dict_values([1, 1, 1, 1, 1, 1, 1, 1, 1])
10 dict_values([2, 1, 1, 1, 1, 1, 1, 1, 1, 1])
11 dict_values([4, 1, 1, 1, 1, 1, 1, 1, 1, 1])
12 dict_values([5, 2, 1, 1, 1, 1, 1, 1, 1, 1])
13 dict_values([6, 2, 2, 1, 1, 1, 1, 1, 1, 1])
14 dict_values([7, 2, 2, 2, 1, 1, 1, 1, 1, 1])
15 dict_values([8, 2, 2, 2, 2, 1, 1, 1, 1, 1])
16 dict_values([9, 2, 2, 2, 2, 2, 1, 1, 1, 1])
17 dict_values([10, 2, 2, 2, 2, 2, 2, 1, 1, 1])
18 dict_values([11, 2, 2, 2, 2, 2, 2, 2, 1, 1])
19 dict_values([12, 2, 2, 2, 2, 2, 2, 2, 2, 1])
20 dict_values([12, 3, 2, 2, 2, 2, 2, 2, 2, 2])
21 dict_values([13, 4, 2, 2, 2, 2, 2, 2, 2, 2])
22 dict_values([13, 6, 2, 2, 2, 2, 2, 2, 2, 2])
23 dict_values([13, 7, 3, 2, 2, 2, 2, 2, 2, 2])
24 dict_values([13, 8, 3, 3, 2, 2, 2, 2, 2, 2])
25 dict_values([13, 9, 3, 3, 3, 2, 2, 2, 2, 2])
26 dict_values([13, 10, 3, 3, 3, 3, 2, 2, 2, 2])
27 dict_values([13, 11, 3, 3, 3, 3, 3, 2, 2, 2])
28 dict_values([13, 12, 3, 3, 3, 3, 3, 3, 2, 2])
29 dict_values([13, 13, 3, 3, 3, 3, 3, 3, 3, 2])
30 dict_values([13, 13, 4, 3, 3, 3, 3, 3, 3, 3])
31 dict_values([14, 13, 5, 3, 3, 3, 3, 3, 3, 3])
32 dict_values([14, 14, 6, 3, 3, 3, 3, 3, 3, 3])
33 dict_values([14, 14, 8, 3, 3, 3, 3, 3, 3, 3])
34 dict_values([14, 14, 9, 4, 3, 3, 3, 3, 3, 3])
35 dict_values([14, 14, 10, 4, 4, 3, 3, 3, 3, 3])
36 dict_values([14, 14, 11, 4, 4, 4, 3, 3, 3, 3])
37 dict_values([14, 14, 12, 4, 4, 4, 4, 3, 3, 3])
38 dict_values([14, 14, 13, 4, 4, 4, 4, 4, 3, 3])
39 dict_values([14, 14, 14, 4, 4, 4, 4, 4, 4, 3])
40 dict_values([14, 14, 14, 5, 4, 4, 4, 4, 4, 4])
41 dict_values([15, 14, 14, 6, 4, 4, 4, 4, 4, 4])
42 dict_values([15, 15, 14, 7, 4, 4, 4, 4, 4, 4])
43 dict_values([15, 15, 15, 8, 4, 4, 4, 4, 4, 4])
44 dict_values([15, 15, 15, 10, 4, 4, 4, 4, 4, 4])
45 dict_values([15, 15, 15, 11, 5, 4, 4, 4, 4, 4])
46 dict_values([15, 15, 15, 12, 5, 5, 4, 4, 4, 4])
47 dict_values([15, 15, 15, 13, 5, 5, 5, 4, 4, 4])
48 dict_values([15, 15, 15, 14, 5, 5, 5, 5, 4, 4])
49 dict_values([15, 15, 15, 15, 5, 5, 5, 5, 5, 4])
50 dict_values([15, 15, 15, 15, 6, 5, 5, 5, 5, 5])
51 dict_values([16, 15, 15, 15, 7, 5, 5, 5, 5, 5])
52 dict_values([16, 16, 15, 15, 8, 5, 5, 5, 5, 5])
53 dict_values([16, 16, 16, 15, 9, 5, 5, 5, 5, 5])
54 dict_values([16, 16, 16, 16, 10, 5, 5, 5, 5, 5])
55 dict_values([16, 16, 16, 16, 12, 5, 5, 5, 5, 5])
56 dict_values([16, 16, 16, 16, 13, 6, 5, 5, 5, 5])
57 dict_values([16, 16, 16, 16, 14, 6, 6, 5, 5, 5])
58 dict_values([16, 16, 16, 16, 15, 6, 6, 6, 5, 5])
59 dict_values([16, 16, 16, 16, 16, 6, 6, 6, 6, 5])
60 dict_values([16, 16, 16, 16, 16, 7, 6, 6, 6, 6])
61 dict_values([17, 16, 16, 16, 16, 8, 6, 6, 6, 6])
62 dict_values([17, 17, 16, 16, 16, 9, 6, 6, 6, 6])
63 dict_values([17, 17, 17, 16, 16, 10, 6, 6, 6, 6])
64 dict_values([17, 17, 17, 17, 16, 11, 6, 6, 6, 6])
65 dict_values([17, 17, 17, 17, 17, 12, 6, 6, 6, 6])
66 dict_values([17, 17, 17, 17, 17, 14, 6, 6, 6, 6])
67 dict_values([17, 17, 17, 17, 17, 15, 7, 6, 6, 6])
68 dict_values([17, 17, 17, 17, 17, 16, 7, 7, 6, 6])
69 dict_values([17, 17, 17, 17, 17, 17, 7, 7, 7, 6])
70 dict_values([17, 17, 17, 17, 17, 17, 8, 7, 7, 7])
71 dict_values([18, 17, 17, 17, 17, 17, 9, 7, 7, 7])
72 dict_values([18, 18, 17, 17, 17, 17, 10, 7, 7, 7])
73 dict_values([18, 18, 18, 17, 17, 17, 11, 7, 7, 7])
74 dict_values([18, 18, 18, 18, 17, 17, 12, 7, 7, 7])
75 dict_values([18, 18, 18, 18, 18, 17, 13, 7, 7, 7])
76 dict_values([18, 18, 18, 18, 18, 18, 14, 7, 7, 7])
77 dict_values([18, 18, 18, 18, 18, 18, 16, 7, 7, 7])
78 dict_values([18, 18, 18, 18, 18, 18, 17, 8, 7, 7])
79 dict_values([18, 18, 18, 18, 18, 18, 18, 8, 8, 7])
80 dict_values([18, 18, 18, 18, 18, 18, 18, 9, 8, 8])
81 dict_values([19, 18, 18, 18, 18, 18, 18, 10, 8, 8])
82 dict_values([19, 19, 18, 18, 18, 18, 18, 11, 8, 8])
83 dict_values([19, 19, 19, 18, 18, 18, 18, 12, 8, 8])
84 dict_values([19, 19, 19, 19, 18, 18, 18, 13, 8, 8])
85 dict_values([19, 19, 19, 19, 19, 18, 18, 14, 8, 8])
86 dict_values([19, 19, 19, 19, 19, 19, 18, 15, 8, 8])
87 dict_values([19, 19, 19, 19, 19, 19, 19, 16, 8, 8])
88 dict_values([19, 19, 19, 19, 19, 19, 19, 18, 8, 8])
89 dict_values([19, 19, 19, 19, 19, 19, 19, 19, 9, 8])
90 dict_values([19, 19, 19, 19, 19, 19, 19, 19, 10, 9])
91 dict_values([20, 19, 19, 19, 19, 19, 19, 19, 11, 9])
92 dict_values([20, 20, 19, 19, 19, 19, 19, 19, 12, 9])
93 dict_values([20, 20, 20, 19, 19, 19, 19, 19, 13, 9])
94 dict_values([20, 20, 20, 20, 19, 19, 19, 19, 14, 9])
95 dict_values([20, 20, 20, 20, 20, 19, 19, 19, 15, 9])
96 dict_values([20, 20, 20, 20, 20, 20, 19, 19, 16, 9])
97 dict_values([20, 20, 20, 20, 20, 20, 20, 19, 17, 9])
98 dict_values([20, 20, 20, 20, 20, 20, 20, 20, 18, 9])
99 dict_values([20, 20, 20, 20, 20, 20, 20, 20, 20, 9])
100 dict_values([21, 20, 20, 20, 20, 20, 20, 20, 20, 11])
101 dict_values([23, 20, 20, 20, 20, 20, 20, 20, 20, 12])
102 dict_values([24, 21, 20, 20, 20, 20, 20, 20, 20, 13])
103 dict_values([25, 21, 21, 20, 20, 20, 20, 20, 20, 14])
104 dict_values([26, 21, 21, 21, 20, 20, 20, 20, 20, 15])
105 dict_values([27, 21, 21, 21, 21, 20, 20, 20, 20, 16])
106 dict_values([28, 21, 21, 21, 21, 21, 20, 20, 20, 17])
107 dict_values([29, 21, 21, 21, 21, 21, 21, 20, 20, 18])
108 dict_values([30, 21, 21, 21, 21, 21, 21, 21, 20, 19])
109 dict_values([31, 21, 21, 21, 21, 21, 21, 21, 21, 20])
110 dict_values([33, 21, 21, 21, 21, 21, 21, 21, 21, 21])
111 dict_values([36, 21, 21, 21, 21, 21, 21, 21, 21, 21])
112 dict_values([38, 22, 21, 21, 21, 21, 21, 21, 21, 21])
113 dict_values([40, 22, 22, 21, 21, 21, 21, 21, 21, 21])
114 dict_values([42, 22, 22, 22, 21, 21, 21, 21, 21, 21])
115 dict_values([44, 22, 22, 22, 22, 21, 21, 21, 21, 21])
116 dict_values([46, 22, 22, 22, 22, 22, 21, 21, 21, 21])
117 dict_values([48, 22, 22, 22, 22, 22, 22, 21, 21, 21])
118 dict_values([50, 22, 22, 22, 22, 22, 22, 22, 21, 21])
119 dict_values([52, 22, 22, 22, 22, 22, 22, 22, 22, 21])
120 dict_values([53, 23, 22, 22, 22, 22, 22, 22, 22, 22])
121 dict_values([55, 24, 22, 22, 22, 22, 22, 22, 22, 22])
122 dict_values([56, 26, 22, 22, 22, 22, 22, 22, 22, 22])
123 dict_values([57, 27, 23, 22, 22, 22, 22, 22, 22, 22])
124 dict_values([58, 28, 23, 23, 22, 22, 22, 22, 22, 22])
125 dict_values([59, 29, 23, 23, 23, 22, 22, 22, 22, 22])
126 dict_values([60, 30, 23, 23, 23, 23, 22, 22, 22, 22])
127 dict_values([61, 31, 23, 23, 23, 23, 23, 22, 22, 22])
128 dict_values([62, 32, 23, 23, 23, 23, 23, 23, 22, 22])
129 dict_values([63, 33, 23, 23, 23, 23, 23, 23, 23, 22])
130 dict_values([64, 33, 24, 23, 23, 23, 23, 23, 23, 23])
131 dict_values([66, 33, 25, 23, 23, 23, 23, 23, 23, 23])
132 dict_values([67, 34, 26, 23, 23, 23, 23, 23, 23, 23])
133 dict_values([68, 34, 28, 23, 23, 23, 23, 23, 23, 23])
134 dict_values([69, 34, 29, 24, 23, 23, 23, 23, 23, 23])
135 dict_values([70, 34, 30, 24, 24, 23, 23, 23, 23, 23])
136 dict_values([71, 34, 31, 24, 24, 24, 23, 23, 23, 23])
137 dict_values([72, 34, 32, 24, 24, 24, 24, 23, 23, 23])
138 dict_values([73, 34, 33, 24, 24, 24, 24, 24, 23, 23])
139 dict_values([74, 34, 34, 24, 24, 24, 24, 24, 24, 23])
140 dict_values([75, 34, 34, 25, 24, 24, 24, 24, 24, 24])
141 dict_values([77, 34, 34, 26, 24, 24, 24, 24, 24, 24])
142 dict_values([78, 35, 34, 27, 24, 24, 24, 24, 24, 24])
143 dict_values([79, 35, 35, 28, 24, 24, 24, 24, 24, 24])
144 dict_values([80, 35, 35, 30, 24, 24, 24, 24, 24, 24])
145 dict_values([81, 35, 35, 31, 25, 24, 24, 24, 24, 24])
146 dict_values([82, 35, 35, 32, 25, 25, 24, 24, 24, 24])
147 dict_values([83, 35, 35, 33, 25, 25, 25, 24, 24, 24])
148 dict_values([84, 35, 35, 34, 25, 25, 25, 25, 24, 24])
149 dict_values([85, 35, 35, 35, 25, 25, 25, 25, 25, 24])
150 dict_values([86, 35, 35, 35, 26, 25, 25, 25, 25, 25])
151 dict_values([88, 35, 35, 35, 27, 25, 25, 25, 25, 25])
152 dict_values([89, 36, 35, 35, 28, 25, 25, 25, 25, 25])
153 dict_values([90, 36, 36, 35, 29, 25, 25, 25, 25, 25])
154 dict_values([91, 36, 36, 36, 30, 25, 25, 25, 25, 25])
155 dict_values([92, 36, 36, 36, 32, 25, 25, 25, 25, 25])
156 dict_values([93, 36, 36, 36, 33, 26, 25, 25, 25, 25])
157 dict_values([94, 36, 36, 36, 34, 26, 26, 25, 25, 25])
158 dict_values([95, 36, 36, 36, 35, 26, 26, 26, 25, 25])
159 dict_values([96, 36, 36, 36, 36, 26, 26, 26, 26, 25])
160 dict_values([97, 36, 36, 36, 36, 27, 26, 26, 26, 26])
161 dict_values([99, 36, 36, 36, 36, 28, 26, 26, 26, 26])
162 dict_values([100, 37, 36, 36, 36, 29, 26, 26, 26, 26])
163 dict_values([101, 37, 37, 36, 36, 30, 26, 26, 26, 26])
164 dict_values([102, 37, 37, 37, 36, 31, 26, 26, 26, 26])
165 dict_values([103, 37, 37, 37, 37, 32, 26, 26, 26, 26])
166 dict_values([104, 37, 37, 37, 37, 34, 26, 26, 26, 26])
167 dict_values([105, 37, 37, 37, 37, 35, 27, 26, 26, 26])
168 dict_values([106, 37, 37, 37, 37, 36, 27, 27, 26, 26])
169 dict_values([107, 37, 37, 37, 37, 37, 27, 27, 27, 26])
170 dict_values([108, 37, 37, 37, 37, 37, 28, 27, 27, 27])
171 dict_values([110, 37, 37, 37, 37, 37, 29, 27, 27, 27])
172 dict_values([111, 38, 37, 37, 37, 37, 30, 27, 27, 27])
173 dict_values([112, 38, 38, 37, 37, 37, 31, 27, 27, 27])
174 dict_values([113, 38, 38, 38, 37, 37, 32, 27, 27, 27])
175 dict_values([114, 38, 38, 38, 38, 37, 33, 27, 27, 27])
176 dict_values([115, 38, 38, 38, 38, 38, 34, 27, 27, 27])
177 dict_values([116, 38, 38, 38, 38, 38, 36, 27, 27, 27])
178 dict_values([117, 38, 38, 38, 38, 38, 37, 28, 27, 27])
179 dict_values([118, 38, 38, 38, 38, 38, 38, 28, 28, 27])
180 dict_values([119, 38, 38, 38, 38, 38, 38, 29, 28, 28])
181 dict_values([121, 38, 38, 38, 38, 38, 38, 30, 28, 28])
182 dict_values([122, 39, 38, 38, 38, 38, 38, 31, 28, 28])
183 dict_values([123, 39, 39, 38, 38, 38, 38, 32, 28, 28])
184 dict_values([124, 39, 39, 39, 38, 38, 38, 33, 28, 28])
185 dict_values([125, 39, 39, 39, 39, 38, 38, 34, 28, 28])
186 dict_values([126, 39, 39, 39, 39, 39, 38, 35, 28, 28])
187 dict_values([127, 39, 39, 39, 39, 39, 39, 36, 28, 28])
188 dict_values([128, 39, 39, 39, 39, 39, 39, 38, 28, 28])
189 dict_values([129, 39, 39, 39, 39, 39, 39, 39, 29, 28])
190 dict_values([130, 39, 39, 39, 39, 39, 39, 39, 30, 29])
191 dict_values([132, 39, 39, 39, 39, 39, 39, 39, 31, 29])
192 dict_values([133, 40, 39, 39, 39, 39, 39, 39, 32, 29])
193 dict_values([134, 40, 40, 39, 39, 39, 39, 39, 33, 29])
194 dict_values([135, 40, 40, 40, 39, 39, 39, 39, 34, 29])
195 dict_values([136, 40, 40, 40, 40, 39, 39, 39, 35, 29])
196 dict_values([137, 40, 40, 40, 40, 40, 39, 39, 36, 29])
197 dict_values([138, 40, 40, 40, 40, 40, 40, 39, 37, 29])
198 dict_values([139, 40, 40, 40, 40, 40, 40, 40, 38, 29])
199 dict_values([140, 40, 40, 40, 40, 40, 40, 40, 40, 29])
200 dict_values([140, 41, 40, 40, 40, 40, 40, 40, 40, 31])
201 dict_values([141, 42, 40, 40, 40, 40, 40, 40, 40, 32])
202 dict_values([141, 44, 40, 40, 40, 40, 40, 40, 40, 33])
203 dict_values([141, 45, 41, 40, 40, 40, 40, 40, 40, 34])
204 dict_values([141, 46, 41, 41, 40, 40, 40, 40, 40, 35])
205 dict_values([141, 47, 41, 41, 41, 40, 40, 40, 40, 36])
206 dict_values([141, 48, 41, 41, 41, 41, 40, 40, 40, 37])
207 dict_values([141, 49, 41, 41, 41, 41, 41, 40, 40, 38])
208 dict_values([141, 50, 41, 41, 41, 41, 41, 41, 40, 39])
209 dict_values([141, 51, 41, 41, 41, 41, 41, 41, 41, 40])
210 dict_values([142, 52, 41, 41, 41, 41, 41, 41, 41, 41])
211 dict_values([144, 53, 41, 41, 41, 41, 41, 41, 41, 41])
212 dict_values([145, 55, 41, 41, 41, 41, 41, 41, 41, 41])
213 dict_values([146, 56, 42, 41, 41, 41, 41, 41, 41, 41])
214 dict_values([147, 57, 42, 42, 41, 41, 41, 41, 41, 41])
215 dict_values([148, 58, 42, 42, 42, 41, 41, 41, 41, 41])
216 dict_values([149, 59, 42, 42, 42, 42, 41, 41, 41, 41])
217 dict_values([150, 60, 42, 42, 42, 42, 42, 41, 41, 41])
218 dict_values([151, 61, 42, 42, 42, 42, 42, 42, 41, 41])
219 dict_values([152, 62, 42, 42, 42, 42, 42, 42, 42, 41])
220 dict_values([152, 64, 42, 42, 42, 42, 42, 42, 42, 42])
221 dict_values([153, 66, 42, 42, 42, 42, 42, 42, 42, 42])
222 dict_values([153, 69, 42, 42, 42, 42, 42, 42, 42, 42])
223 dict_values([153, 71, 43, 42, 42, 42, 42, 42, 42, 42])
224 dict_values([153, 73, 43, 43, 42, 42, 42, 42, 42, 42])
225 dict_values([153, 75, 43, 43, 43, 42, 42, 42, 42, 42])
226 dict_values([153, 77, 43, 43, 43, 43, 42, 42, 42, 42])
227 dict_values([153, 79, 43, 43, 43, 43, 43, 42, 42, 42])
228 dict_values([153, 81, 43, 43, 43, 43, 43, 43, 42, 42])
229 dict_values([153, 83, 43, 43, 43, 43, 43, 43, 43, 42])
230 dict_values([153, 84, 44, 43, 43, 43, 43, 43, 43, 43])
231 dict_values([154, 85, 45, 43, 43, 43, 43, 43, 43, 43])
232 dict_values([154, 87, 46, 43, 43, 43, 43, 43, 43, 43])
233 dict_values([154, 88, 48, 43, 43, 43, 43, 43, 43, 43])
234 dict_values([154, 89, 49, 44, 43, 43, 43, 43, 43, 43])
235 dict_values([154, 90, 50, 44, 44, 43, 43, 43, 43, 43])
236 dict_values([154, 91, 51, 44, 44, 44, 43, 43, 43, 43])
237 dict_values([154, 92, 52, 44, 44, 44, 44, 43, 43, 43])
238 dict_values([154, 93, 53, 44, 44, 44, 44, 44, 43, 43])
239 dict_values([154, 94, 54, 44, 44, 44, 44, 44, 44, 43])
240 dict_values([154, 95, 54, 45, 44, 44, 44, 44, 44, 44])
241 dict_values([155, 96, 54, 46, 44, 44, 44, 44, 44, 44])
242 dict_values([155, 98, 54, 47, 44, 44, 44, 44, 44, 44])
243 dict_values([155, 99, 55, 48, 44, 44, 44, 44, 44, 44])
244 dict_values([155, 100, 55, 50, 44, 44, 44, 44, 44, 44])
245 dict_values([155, 101, 55, 51, 45, 44, 44, 44, 44, 44])
246 dict_values([155, 102, 55, 52, 45, 45, 44, 44, 44, 44])
247 dict_values([155, 103, 55, 53, 45, 45, 45, 44, 44, 44])
248 dict_values([155, 104, 55, 54, 45, 45, 45, 45, 44, 44])
249 dict_values([155, 105, 55, 55, 45, 45, 45, 45, 45, 44])
250 dict_values([155, 106, 55, 55, 46, 45, 45, 45, 45, 45])
251 dict_values([156, 107, 55, 55, 47, 45, 45, 45, 45, 45])
252 dict_values([156, 109, 55, 55, 48, 45, 45, 45, 45, 45])
253 dict_values([156, 110, 56, 55, 49, 45, 45, 45, 45, 45])
254 dict_values([156, 111, 56, 56, 50, 45, 45, 45, 45, 45])
255 dict_values([156, 112, 56, 56, 52, 45, 45, 45, 45, 45])
256 dict_values([156, 113, 56, 56, 53, 46, 45, 45, 45, 45])
257 dict_values([156, 114, 56, 56, 54, 46, 46, 45, 45, 45])
258 dict_values([156, 115, 56, 56, 55, 46, 46, 46, 45, 45])
259 dict_values([156, 116, 56, 56, 56, 46, 46, 46, 46, 45])
260 dict_values([156, 117, 56, 56, 56, 47, 46, 46, 46, 46])
261 dict_values([157, 118, 56, 56, 56, 48, 46, 46, 46, 46])
262 dict_values([157, 120, 56, 56, 56, 49, 46, 46, 46, 46])
263 dict_values([157, 121, 57, 56, 56, 50, 46, 46, 46, 46])
264 dict_values([157, 122, 57, 57, 56, 51, 46, 46, 46, 46])
265 dict_values([157, 123, 57, 57, 57, 52, 46, 46, 46, 46])
266 dict_values([157, 124, 57, 57, 57, 54, 46, 46, 46, 46])
267 dict_values([157, 125, 57, 57, 57, 55, 47, 46, 46, 46])
268 dict_values([157, 126, 57, 57, 57, 56, 47, 47, 46, 46])
269 dict_values([157, 127, 57, 57, 57, 57, 47, 47, 47, 46])
270 dict_values([157, 128, 57, 57, 57, 57, 48, 47, 47, 47])
271 dict_values([158, 129, 57, 57, 57, 57, 49, 47, 47, 47])
272 dict_values([158, 131, 57, 57, 57, 57, 50, 47, 47, 47])
273 dict_values([158, 132, 58, 57, 57, 57, 51, 47, 47, 47])
274 dict_values([158, 133, 58, 58, 57, 57, 52, 47, 47, 47])
275 dict_values([158, 134, 58, 58, 58, 57, 53, 47, 47, 47])
276 dict_values([158, 135, 58, 58, 58, 58, 54, 47, 47, 47])
277 dict_values([158, 136, 58, 58, 58, 58, 56, 47, 47, 47])
278 dict_values([158, 137, 58, 58, 58, 58, 57, 48, 47, 47])
279 dict_values([158, 138, 58, 58, 58, 58, 58, 48, 48, 47])
280 dict_values([158, 139, 58, 58, 58, 58, 58, 49, 48, 48])
281 dict_values([159, 140, 58, 58, 58, 58, 58, 50, 48, 48])
282 dict_values([159, 142, 58, 58, 58, 58, 58, 51, 48, 48])
283 dict_values([159, 143, 59, 58, 58, 58, 58, 52, 48, 48])
284 dict_values([159, 144, 59, 59, 58, 58, 58, 53, 48, 48])
285 dict_values([159, 145, 59, 59, 59, 58, 58, 54, 48, 48])
286 dict_values([159, 146, 59, 59, 59, 59, 58, 55, 48, 48])
287 dict_values([159, 147, 59, 59, 59, 59, 59, 56, 48, 48])
288 dict_values([159, 148, 59, 59, 59, 59, 59, 58, 48, 48])
289 dict_values([159, 149, 59, 59, 59, 59, 59, 59, 49, 48])
290 dict_values([159, 150, 59, 59, 59, 59, 59, 59, 50, 49])
291 dict_values([160, 151, 59, 59, 59, 59, 59, 59, 51, 49])
292 dict_values([160, 153, 59, 59, 59, 59, 59, 59, 52, 49])
293 dict_values([160, 154, 60, 59, 59, 59, 59, 59, 53, 49])
294 dict_values([160, 155, 60, 60, 59, 59, 59, 59, 54, 49])
295 dict_values([160, 156, 60, 60, 60, 59, 59, 59, 55, 49])
296 dict_values([160, 157, 60, 60, 60, 60, 59, 59, 56, 49])
297 dict_values([160, 158, 60, 60, 60, 60, 60, 59, 57, 49])
298 dict_values([160, 159, 60, 60, 60, 60, 60, 60, 58, 49])
299 dict_values([160, 160, 60, 60, 60, 60, 60, 60, 60, 49])
300 dict_values([160, 160, 61, 60, 60, 60, 60, 60, 60, 51])
301 dict_values([161, 160, 62, 60, 60, 60, 60, 60, 60, 52])
302 dict_values([161, 161, 63, 60, 60, 60, 60, 60, 60, 53])
303 dict_values([161, 161, 65, 60, 60, 60, 60, 60, 60, 54])
304 dict_values([161, 161, 66, 61, 60, 60, 60, 60, 60, 55])
305 dict_values([161, 161, 67, 61, 61, 60, 60, 60, 60, 56])
306 dict_values([161, 161, 68, 61, 61, 61, 60, 60, 60, 57])
307 dict_values([161, 161, 69, 61, 61, 61, 61, 60, 60, 58])
308 dict_values([161, 161, 70, 61, 61, 61, 61, 61, 60, 59])
309 dict_values([161, 161, 71, 61, 61, 61, 61, 61, 61, 60])
310 dict_values([162, 161, 72, 61, 61, 61, 61, 61, 61, 61])
311 dict_values([164, 161, 73, 61, 61, 61, 61, 61, 61, 61])
312 dict_values([165, 162, 74, 61, 61, 61, 61, 61, 61, 61])
313 dict_values([166, 162, 76, 61, 61, 61, 61, 61, 61, 61])
314 dict_values([167, 162, 77, 62, 61, 61, 61, 61, 61, 61])
315 dict_values([168, 162, 78, 62, 62, 61, 61, 61, 61, 61])
316 dict_values([169, 162, 79, 62, 62, 62, 61, 61, 61, 61])
317 dict_values([170, 162, 80, 62, 62, 62, 62, 61, 61, 61])
318 dict_values([171, 162, 81, 62, 62, 62, 62, 62, 61, 61])
319 dict_values([172, 162, 82, 62, 62, 62, 62, 62, 62, 61])
320 dict_values([172, 163, 83, 62, 62, 62, 62, 62, 62, 62])
321 dict_values([173, 164, 84, 62, 62, 62, 62, 62, 62, 62])
322 dict_values([173, 166, 85, 62, 62, 62, 62, 62, 62, 62])
323 dict_values([173, 167, 87, 62, 62, 62, 62, 62, 62, 62])
324 dict_values([173, 168, 88, 63, 62, 62, 62, 62, 62, 62])
325 dict_values([173, 169, 89, 63, 63, 62, 62, 62, 62, 62])
326 dict_values([173, 170, 90, 63, 63, 63, 62, 62, 62, 62])
327 dict_values([173, 171, 91, 63, 63, 63, 63, 62, 62, 62])
328 dict_values([173, 172, 92, 63, 63, 63, 63, 63, 62, 62])
329 dict_values([173, 173, 93, 63, 63, 63, 63, 63, 63, 62])
330 dict_values([173, 173, 95, 63, 63, 63, 63, 63, 63, 63])
331 dict_values([174, 173, 97, 63, 63, 63, 63, 63, 63, 63])
332 dict_values([174, 174, 99, 63, 63, 63, 63, 63, 63, 63])
333 dict_values([174, 174, 102, 63, 63, 63, 63, 63, 63, 63])
334 dict_values([174, 174, 104, 64, 63, 63, 63, 63, 63, 63])
335 dict_values([174, 174, 106, 64, 64, 63, 63, 63, 63, 63])
336 dict_values([174, 174, 108, 64, 64, 64, 63, 63, 63, 63])
337 dict_values([174, 174, 110, 64, 64, 64, 64, 63, 63, 63])
338 dict_values([174, 174, 112, 64, 64, 64, 64, 64, 63, 63])
339 dict_values([174, 174, 114, 64, 64, 64, 64, 64, 64, 63])
340 dict_values([174, 174, 115, 65, 64, 64, 64, 64, 64, 64])
341 dict_values([175, 174, 116, 66, 64, 64, 64, 64, 64, 64])
342 dict_values([175, 175, 117, 67, 64, 64, 64, 64, 64, 64])
343 dict_values([175, 175, 119, 68, 64, 64, 64, 64, 64, 64])
344 dict_values([175, 175, 120, 70, 64, 64, 64, 64, 64, 64])
345 dict_values([175, 175, 121, 71, 65, 64, 64, 64, 64, 64])
346 dict_values([175, 175, 122, 72, 65, 65, 64, 64, 64, 64])
347 dict_values([175, 175, 123, 73, 65, 65, 65, 64, 64, 64])
348 dict_values([175, 175, 124, 74, 65, 65, 65, 65, 64, 64])
349 dict_values([175, 175, 125, 75, 65, 65, 65, 65, 65, 64])
350 dict_values([175, 175, 126, 75, 66, 65, 65, 65, 65, 65])
351 dict_values([176, 175, 127, 75, 67, 65, 65, 65, 65, 65])
352 dict_values([176, 176, 128, 75, 68, 65, 65, 65, 65, 65])
353 dict_values([176, 176, 130, 75, 69, 65, 65, 65, 65, 65])
354 dict_values([176, 176, 131, 76, 70, 65, 65, 65, 65, 65])
355 dict_values([176, 176, 132, 76, 72, 65, 65, 65, 65, 65])
356 dict_values([176, 176, 133, 76, 73, 66, 65, 65, 65, 65])
357 dict_values([176, 176, 134, 76, 74, 66, 66, 65, 65, 65])
358 dict_values([176, 176, 135, 76, 75, 66, 66, 66, 65, 65])
359 dict_values([176, 176, 136, 76, 76, 66, 66, 66, 66, 65])
360 dict_values([176, 176, 137, 76, 76, 67, 66, 66, 66, 66])
361 dict_values([177, 176, 138, 76, 76, 68, 66, 66, 66, 66])
362 dict_values([177, 177, 139, 76, 76, 69, 66, 66, 66, 66])
363 dict_values([177, 177, 141, 76, 76, 70, 66, 66, 66, 66])
364 dict_values([177, 177, 142, 77, 76, 71, 66, 66, 66, 66])
365 dict_values([177, 177, 143, 77, 77, 72, 66, 66, 66, 66])
366 dict_values([177, 177, 144, 77, 77, 74, 66, 66, 66, 66])
367 dict_values([177, 177, 145, 77, 77, 75, 67, 66, 66, 66])
368 dict_values([177, 177, 146, 77, 77, 76, 67, 67, 66, 66])
369 dict_values([177, 177, 147, 77, 77, 77, 67, 67, 67, 66])
370 dict_values([177, 177, 148, 77, 77, 77, 68, 67, 67, 67])
371 dict_values([178, 177, 149, 77, 77, 77, 69, 67, 67, 67])
372 dict_values([178, 178, 150, 77, 77, 77, 70, 67, 67, 67])
373 dict_values([178, 178, 152, 77, 77, 77, 71, 67, 67, 67])
374 dict_values([178, 178, 153, 78, 77, 77, 72, 67, 67, 67])
375 dict_values([178, 178, 154, 78, 78, 77, 73, 67, 67, 67])
376 dict_values([178, 178, 155, 78, 78, 78, 74, 67, 67, 67])
377 dict_values([178, 178, 156, 78, 78, 78, 76, 67, 67, 67])
378 dict_values([178, 178, 157, 78, 78, 78, 77, 68, 67, 67])
379 dict_values([178, 178, 158, 78, 78, 78, 78, 68, 68, 67])
380 dict_values([178, 178, 159, 78, 78, 78, 78, 69, 68, 68])
381 dict_values([179, 178, 160, 78, 78, 78, 78, 70, 68, 68])
382 dict_values([179, 179, 161, 78, 78, 78, 78, 71, 68, 68])
383 dict_values([179, 179, 163, 78, 78, 78, 78, 72, 68, 68])
384 dict_values([179, 179, 164, 79, 78, 78, 78, 73, 68, 68])
385 dict_values([179, 179, 165, 79, 79, 78, 78, 74, 68, 68])
386 dict_values([179, 179, 166, 79, 79, 79, 78, 75, 68, 68])
387 dict_values([179, 179, 167, 79, 79, 79, 79, 76, 68, 68])
388 dict_values([179, 179, 168, 79, 79, 79, 79, 78, 68, 68])
389 dict_values([179, 179, 169, 79, 79, 79, 79, 79, 69, 68])
390 dict_values([179, 179, 170, 79, 79, 79, 79, 79, 70, 69])
391 dict_values([180, 179, 171, 79, 79, 79, 79, 79, 71, 69])
392 dict_values([180, 180, 172, 79, 79, 79, 79, 79, 72, 69])
393 dict_values([180, 180, 174, 79, 79, 79, 79, 79, 73, 69])
394 dict_values([180, 180, 175, 80, 79, 79, 79, 79, 74, 69])
395 dict_values([180, 180, 176, 80, 80, 79, 79, 79, 75, 69])
396 dict_values([180, 180, 177, 80, 80, 80, 79, 79, 76, 69])
397 dict_values([180, 180, 178, 80, 80, 80, 80, 79, 77, 69])
398 dict_values([180, 180, 179, 80, 80, 80, 80, 80, 78, 69])
399 dict_values([180, 180, 180, 80, 80, 80, 80, 80, 80, 69])
400 dict_values([180, 180, 180, 81, 80, 80, 80, 80, 80, 71])
401 dict_values([181, 180, 180, 82, 80, 80, 80, 80, 80, 72])
402 dict_values([181, 181, 180, 83, 80, 80, 80, 80, 80, 73])
403 dict_values([181, 181, 181, 84, 80, 80, 80, 80, 80, 74])
404 dict_values([181, 181, 181, 86, 80, 80, 80, 80, 80, 75])
405 dict_values([181, 181, 181, 87, 81, 80, 80, 80, 80, 76])
406 dict_values([181, 181, 181, 88, 81, 81, 80, 80, 80, 77])
407 dict_values([181, 181, 181, 89, 81, 81, 81, 80, 80, 78])
408 dict_values([181, 181, 181, 90, 81, 81, 81, 81, 80, 79])
409 dict_values([181, 181, 181, 91, 81, 81, 81, 81, 81, 80])
410 dict_values([182, 181, 181, 92, 81, 81, 81, 81, 81, 81])
411 dict_values([184, 181, 181, 93, 81, 81, 81, 81, 81, 81])
412 dict_values([185, 182, 181, 94, 81, 81, 81, 81, 81, 81])
413 dict_values([186, 182, 182, 95, 81, 81, 81, 81, 81, 81])
414 dict_values([187, 182, 182, 97, 81, 81, 81, 81, 81, 81])
415 dict_values([188, 182, 182, 98, 82, 81, 81, 81, 81, 81])
416 dict_values([189, 182, 182, 99, 82, 82, 81, 81, 81, 81])
417 dict_values([190, 182, 182, 100, 82, 82, 82, 81, 81, 81])
418 dict_values([191, 182, 182, 101, 82, 82, 82, 82, 81, 81])
419 dict_values([192, 182, 182, 102, 82, 82, 82, 82, 82, 81])
420 dict_values([192, 183, 182, 103, 82, 82, 82, 82, 82, 82])
421 dict_values([193, 184, 182, 104, 82, 82, 82, 82, 82, 82])
422 dict_values([193, 186, 182, 105, 82, 82, 82, 82, 82, 82])
423 dict_values([193, 187, 183, 106, 82, 82, 82, 82, 82, 82])
424 dict_values([193, 188, 183, 108, 82, 82, 82, 82, 82, 82])
425 dict_values([193, 189, 183, 109, 83, 82, 82, 82, 82, 82])
426 dict_values([193, 190, 183, 110, 83, 83, 82, 82, 82, 82])
427 dict_values([193, 191, 183, 111, 83, 83, 83, 82, 82, 82])
428 dict_values([193, 192, 183, 112, 83, 83, 83, 83, 82, 82])
429 dict_values([193, 193, 183, 113, 83, 83, 83, 83, 83, 82])
430 dict_values([193, 193, 184, 114, 83, 83, 83, 83, 83, 83])
431 dict_values([194, 193, 185, 115, 83, 83, 83, 83, 83, 83])
432 dict_values([194, 194, 186, 116, 83, 83, 83, 83, 83, 83])
433 dict_values([194, 194, 188, 117, 83, 83, 83, 83, 83, 83])
434 dict_values([194, 194, 189, 119, 83, 83, 83, 83, 83, 83])
435 dict_values([194, 194, 190, 120, 84, 83, 83, 83, 83, 83])
436 dict_values([194, 194, 191, 121, 84, 84, 83, 83, 83, 83])
437 dict_values([194, 194, 192, 122, 84, 84, 84, 83, 83, 83])
438 dict_values([194, 194, 193, 123, 84, 84, 84, 84, 83, 83])
439 dict_values([194, 194, 194, 124, 84, 84, 84, 84, 84, 83])
440 dict_values([194, 194, 194, 126, 84, 84, 84, 84, 84, 84])
441 dict_values([195, 194, 194, 128, 84, 84, 84, 84, 84, 84])
442 dict_values([195, 195, 194, 130, 84, 84, 84, 84, 84, 84])
443 dict_values([195, 195, 195, 132, 84, 84, 84, 84, 84, 84])
444 dict_values([195, 195, 195, 135, 84, 84, 84, 84, 84, 84])
445 dict_values([195, 195, 195, 137, 85, 84, 84, 84, 84, 84])
446 dict_values([195, 195, 195, 139, 85, 85, 84, 84, 84, 84])
447 dict_values([195, 195, 195, 141, 85, 85, 85, 84, 84, 84])
448 dict_values([195, 195, 195, 143, 85, 85, 85, 85, 84, 84])
449 dict_values([195, 195, 195, 145, 85, 85, 85, 85, 85, 84])
450 dict_values([195, 195, 195, 146, 86, 85, 85, 85, 85, 85])
451 dict_values([196, 195, 195, 147, 87, 85, 85, 85, 85, 85])
452 dict_values([196, 196, 195, 148, 88, 85, 85, 85, 85, 85])
453 dict_values([196, 196, 196, 149, 89, 85, 85, 85, 85, 85])
454 dict_values([196, 196, 196, 151, 90, 85, 85, 85, 85, 85])
455 dict_values([196, 196, 196, 152, 92, 85, 85, 85, 85, 85])
456 dict_values([196, 196, 196, 153, 93, 86, 85, 85, 85, 85])
457 dict_values([196, 196, 196, 154, 94, 86, 86, 85, 85, 85])
458 dict_values([196, 196, 196, 155, 95, 86, 86, 86, 85, 85])
459 dict_values([196, 196, 196, 156, 96, 86, 86, 86, 86, 85])
460 dict_values([196, 196, 196, 157, 96, 87, 86, 86, 86, 86])
461 dict_values([197, 196, 196, 158, 96, 88, 86, 86, 86, 86])
462 dict_values([197, 197, 196, 159, 96, 89, 86, 86, 86, 86])
463 dict_values([197, 197, 197, 160, 96, 90, 86, 86, 86, 86])
464 dict_values([197, 197, 197, 162, 96, 91, 86, 86, 86, 86])
465 dict_values([197, 197, 197, 163, 97, 92, 86, 86, 86, 86])
466 dict_values([197, 197, 197, 164, 97, 94, 86, 86, 86, 86])
467 dict_values([197, 197, 197, 165, 97, 95, 87, 86, 86, 86])
468 dict_values([197, 197, 197, 166, 97, 96, 87, 87, 86, 86])
469 dict_values([197, 197, 197, 167, 97, 97, 87, 87, 87, 86])
470 dict_values([197, 197, 197, 168, 97, 97, 88, 87, 87, 87])
471 dict_values([198, 197, 197, 169, 97, 97, 89, 87, 87, 87])
472 dict_values([198, 198, 197, 170, 97, 97, 90, 87, 87, 87])
473 dict_values([198, 198, 198, 171, 97, 97, 91, 87, 87, 87])
474 dict_values([198, 198, 198, 173, 97, 97, 92, 87, 87, 87])
475 dict_values([198, 198, 198, 174, 98, 97, 93, 87, 87, 87])
476 dict_values([198, 198, 198, 175, 98, 98, 94, 87, 87, 87])
477 dict_values([198, 198, 198, 176, 98, 98, 96, 87, 87, 87])
478 dict_values([198, 198, 198, 177, 98, 98, 97, 88, 87, 87])
479 dict_values([198, 198, 198, 178, 98, 98, 98, 88, 88, 87])
480 dict_values([198, 198, 198, 179, 98, 98, 98, 89, 88, 88])
481 dict_values([199, 198, 198, 180, 98, 98, 98, 90, 88, 88])
482 dict_values([199, 199, 198, 181, 98, 98, 98, 91, 88, 88])
483 dict_values([199, 199, 199, 182, 98, 98, 98, 92, 88, 88])
484 dict_values([199, 199, 199, 184, 98, 98, 98, 93, 88, 88])
485 dict_values([199, 199, 199, 185, 99, 98, 98, 94, 88, 88])
486 dict_values([199, 199, 199, 186, 99, 99, 98, 95, 88, 88])
487 dict_values([199, 199, 199, 187, 99, 99, 99, 96, 88, 88])
488 dict_values([199, 199, 199, 188, 99, 99, 99, 98, 88, 88])
489 dict_values([199, 199, 199, 189, 99, 99, 99, 99, 89, 88])
490 dict_values([199, 199, 199, 190, 99, 99, 99, 99, 90, 89])
491 dict_values([200, 199, 199, 191, 99, 99, 99, 99, 91, 89])
492 dict_values([200, 200, 199, 192, 99, 99, 99, 99, 92, 89])
493 dict_values([200, 200, 200, 193, 99, 99, 99, 99, 93, 89])
494 dict_values([200, 200, 200, 195, 99, 99, 99, 99, 94, 89])
495 dict_values([200, 200, 200, 196, 100, 99, 99, 99, 95, 89])
496 dict_values([200, 200, 200, 197, 100, 100, 99, 99, 96, 89])
497 dict_values([200, 200, 200, 198, 100, 100, 100, 99, 97, 89])
498 dict_values([200, 200, 200, 199, 100, 100, 100, 100, 98, 89])
499 dict_values([200, 200, 200, 200, 100, 100, 100, 100, 100, 89])
500 dict_values([200, 200, 200, 200, 101, 100, 100, 100, 100, 91])
501 dict_values([201, 200, 200, 200, 102, 100, 100, 100, 100, 92])
502 dict_values([201, 201, 200, 200, 103, 100, 100, 100, 100, 93])
503 dict_values([201, 201, 201, 200, 104, 100, 100, 100, 100, 94])
504 dict_values([201, 201, 201, 201, 105, 100, 100, 100, 100, 95])
505 dict_values([201, 201, 201, 201, 107, 100, 100, 100, 100, 96])
506 dict_values([201, 201, 201, 201, 108, 101, 100, 100, 100, 97])
507 dict_values([201, 201, 201, 201, 109, 101, 101, 100, 100, 98])
508 dict_values([201, 201, 201, 201, 110, 101, 101, 101, 100, 99])
509 dict_values([201, 201, 201, 201, 111, 101, 101, 101, 101, 100])
510 dict_values([202, 201, 201, 201, 112, 101, 101, 101, 101, 101])
511 dict_values([204, 201, 201, 201, 113, 101, 101, 101, 101, 101])
512 dict_values([205, 202, 201, 201, 114, 101, 101, 101, 101, 101])
513 dict_values([206, 202, 202, 201, 115, 101, 101, 101, 101, 101])
514 dict_values([207, 202, 202, 202, 116, 101, 101, 101, 101, 101])
515 dict_values([208, 202, 202, 202, 118, 101, 101, 101, 101, 101])
516 dict_values([209, 202, 202, 202, 119, 102, 101, 101, 101, 101])
517 dict_values([210, 202, 202, 202, 120, 102, 102, 101, 101, 101])
518 dict_values([211, 202, 202, 202, 121, 102, 102, 102, 101, 101])
519 dict_values([212, 202, 202, 202, 122, 102, 102, 102, 102, 101])
520 dict_values([212, 203, 202, 202, 123, 102, 102, 102, 102, 102])
521 dict_values([213, 204, 202, 202, 124, 102, 102, 102, 102, 102])
522 dict_values([213, 206, 202, 202, 125, 102, 102, 102, 102, 102])
523 dict_values([213, 207, 203, 202, 126, 102, 102, 102, 102, 102])
524 dict_values([213, 208, 203, 203, 127, 102, 102, 102, 102, 102])
525 dict_values([213, 209, 203, 203, 129, 102, 102, 102, 102, 102])
526 dict_values([213, 210, 203, 203, 130, 103, 102, 102, 102, 102])
527 dict_values([213, 211, 203, 203, 131, 103, 103, 102, 102, 102])
528 dict_values([213, 212, 203, 203, 132, 103, 103, 103, 102, 102])
529 dict_values([213, 213, 203, 203, 133, 103, 103, 103, 103, 102])
530 dict_values([213, 213, 204, 203, 134, 103, 103, 103, 103, 103])
531 dict_values([214, 213, 205, 203, 135, 103, 103, 103, 103, 103])
532 dict_values([214, 214, 206, 203, 136, 103, 103, 103, 103, 103])
533 dict_values([214, 214, 208, 203, 137, 103, 103, 103, 103, 103])
534 dict_values([214, 214, 209, 204, 138, 103, 103, 103, 103, 103])
535 dict_values([214, 214, 210, 204, 140, 103, 103, 103, 103, 103])
536 dict_values([214, 214, 211, 204, 141, 104, 103, 103, 103, 103])
537 dict_values([214, 214, 212, 204, 142, 104, 104, 103, 103, 103])
538 dict_values([214, 214, 213, 204, 143, 104, 104, 104, 103, 103])
539 dict_values([214, 214, 214, 204, 144, 104, 104, 104, 104, 103])
540 dict_values([214, 214, 214, 205, 145, 104, 104, 104, 104, 104])
541 dict_values([215, 214, 214, 206, 146, 104, 104, 104, 104, 104])
542 dict_values([215, 215, 214, 207, 147, 104, 104, 104, 104, 104])
543 dict_values([215, 215, 215, 208, 148, 104, 104, 104, 104, 104])
544 dict_values([215, 215, 215, 210, 149, 104, 104, 104, 104, 104])
545 dict_values([215, 215, 215, 211, 151, 104, 104, 104, 104, 104])
546 dict_values([215, 215, 215, 212, 152, 105, 104, 104, 104, 104])
547 dict_values([215, 215, 215, 213, 153, 105, 105, 104, 104, 104])
548 dict_values([215, 215, 215, 214, 154, 105, 105, 105, 104, 104])
549 dict_values([215, 215, 215, 215, 155, 105, 105, 105, 105, 104])
550 dict_values([215, 215, 215, 215, 157, 105, 105, 105, 105, 105])
551 dict_values([216, 215, 215, 215, 159, 105, 105, 105, 105, 105])
552 dict_values([216, 216, 215, 215, 161, 105, 105, 105, 105, 105])
553 dict_values([216, 216, 216, 215, 163, 105, 105, 105, 105, 105])
554 dict_values([216, 216, 216, 216, 165, 105, 105, 105, 105, 105])
555 dict_values([216, 216, 216, 216, 168, 105, 105, 105, 105, 105])
556 dict_values([216, 216, 216, 216, 170, 106, 105, 105, 105, 105])
557 dict_values([216, 216, 216, 216, 172, 106, 106, 105, 105, 105])
558 dict_values([216, 216, 216, 216, 174, 106, 106, 106, 105, 105])
559 dict_values([216, 216, 216, 216, 176, 106, 106, 106, 106, 105])
560 dict_values([216, 216, 216, 216, 177, 107, 106, 106, 106, 106])
561 dict_values([217, 216, 216, 216, 178, 108, 106, 106, 106, 106])
562 dict_values([217, 217, 216, 216, 179, 109, 106, 106, 106, 106])
563 dict_values([217, 217, 217, 216, 180, 110, 106, 106, 106, 106])
564 dict_values([217, 217, 217, 217, 181, 111, 106, 106, 106, 106])
565 dict_values([217, 217, 217, 217, 183, 112, 106, 106, 106, 106])
566 dict_values([217, 217, 217, 217, 184, 114, 106, 106, 106, 106])
567 dict_values([217, 217, 217, 217, 185, 115, 107, 106, 106, 106])
568 dict_values([217, 217, 217, 217, 186, 116, 107, 107, 106, 106])
569 dict_values([217, 217, 217, 217, 187, 117, 107, 107, 107, 106])
570 dict_values([217, 217, 217, 217, 188, 117, 108, 107, 107, 107])
571 dict_values([218, 217, 217, 217, 189, 117, 109, 107, 107, 107])
572 dict_values([218, 218, 217, 217, 190, 117, 110, 107, 107, 107])
573 dict_values([218, 218, 218, 217, 191, 117, 111, 107, 107, 107])
574 dict_values([218, 218, 218, 218, 192, 117, 112, 107, 107, 107])
575 dict_values([218, 218, 218, 218, 194, 117, 113, 107, 107, 107])
576 dict_values([218, 218, 218, 218, 195, 118, 114, 107, 107, 107])
577 dict_values([218, 218, 218, 218, 196, 118, 116, 107, 107, 107])
578 dict_values([218, 218, 218, 218, 197, 118, 117, 108, 107, 107])
579 dict_values([218, 218, 218, 218, 198, 118, 118, 108, 108, 107])
580 dict_values([218, 218, 218, 218, 199, 118, 118, 109, 108, 108])
581 dict_values([219, 218, 218, 218, 200, 118, 118, 110, 108, 108])
582 dict_values([219, 219, 218, 218, 201, 118, 118, 111, 108, 108])
583 dict_values([219, 219, 219, 218, 202, 118, 118, 112, 108, 108])
584 dict_values([219, 219, 219, 219, 203, 118, 118, 113, 108, 108])
585 dict_values([219, 219, 219, 219, 205, 118, 118, 114, 108, 108])
586 dict_values([219, 219, 219, 219, 206, 119, 118, 115, 108, 108])
587 dict_values([219, 219, 219, 219, 207, 119, 119, 116, 108, 108])
588 dict_values([219, 219, 219, 219, 208, 119, 119, 118, 108, 108])
589 dict_values([219, 219, 219, 219, 209, 119, 119, 119, 109, 108])
590 dict_values([219, 219, 219, 219, 210, 119, 119, 119, 110, 109])
591 dict_values([220, 219, 219, 219, 211, 119, 119, 119, 111, 109])
592 dict_values([220, 220, 219, 219, 212, 119, 119, 119, 112, 109])
593 dict_values([220, 220, 220, 219, 213, 119, 119, 119, 113, 109])
594 dict_values([220, 220, 220, 220, 214, 119, 119, 119, 114, 109])
595 dict_values([220, 220, 220, 220, 216, 119, 119, 119, 115, 109])
596 dict_values([220, 220, 220, 220, 217, 120, 119, 119, 116, 109])
597 dict_values([220, 220, 220, 220, 218, 120, 120, 119, 117, 109])
598 dict_values([220, 220, 220, 220, 219, 120, 120, 120, 118, 109])
599 dict_values([220, 220, 220, 220, 220, 120, 120, 120, 120, 109])
600 dict_values([220, 220, 220, 220, 220, 121, 120, 120, 120, 111])
601 dict_values([221, 220, 220, 220, 220, 122, 120, 120, 120, 112])
602 dict_values([221, 221, 220, 220, 220, 123, 120, 120, 120, 113])
603 dict_values([221, 221, 221, 220, 220, 124, 120, 120, 120, 114])
604 dict_values([221, 221, 221, 221, 220, 125, 120, 120, 120, 115])
605 dict_values([221, 221, 221, 221, 221, 126, 120, 120, 120, 116])
606 dict_values([221, 221, 221, 221, 221, 128, 120, 120, 120, 117])
607 dict_values([221, 221, 221, 221, 221, 129, 121, 120, 120, 118])
608 dict_values([221, 221, 221, 221, 221, 130, 121, 121, 120, 119])
609 dict_values([221, 221, 221, 221, 221, 131, 121, 121, 121, 120])
610 dict_values([222, 221, 221, 221, 221, 132, 121, 121, 121, 121])
611 dict_values([224, 221, 221, 221, 221, 133, 121, 121, 121, 121])
612 dict_values([225, 222, 221, 221, 221, 134, 121, 121, 121, 121])
613 dict_values([226, 222, 222, 221, 221, 135, 121, 121, 121, 121])
614 dict_values([227, 222, 222, 222, 221, 136, 121, 121, 121, 121])
615 dict_values([228, 222, 222, 222, 222, 137, 121, 121, 121, 121])
616 dict_values([229, 222, 222, 222, 222, 139, 121, 121, 121, 121])
617 dict_values([230, 222, 222, 222, 222, 140, 122, 121, 121, 121])
618 dict_values([231, 222, 222, 222, 222, 141, 122, 122, 121, 121])
619 dict_values([232, 222, 222, 222, 222, 142, 122, 122, 122, 121])
620 dict_values([232, 223, 222, 222, 222, 143, 122, 122, 122, 122])
621 dict_values([233, 224, 222, 222, 222, 144, 122, 122, 122, 122])
622 dict_values([233, 226, 222, 222, 222, 145, 122, 122, 122, 122])
623 dict_values([233, 227, 223, 222, 222, 146, 122, 122, 122, 122])
624 dict_values([233, 228, 223, 223, 222, 147, 122, 122, 122, 122])
625 dict_values([233, 229, 223, 223, 223, 148, 122, 122, 122, 122])
626 dict_values([233, 230, 223, 223, 223, 150, 122, 122, 122, 122])
627 dict_values([233, 231, 223, 223, 223, 151, 123, 122, 122, 122])
628 dict_values([233, 232, 223, 223, 223, 152, 123, 123, 122, 122])
629 dict_values([233, 233, 223, 223, 223, 153, 123, 123, 123, 122])
630 dict_values([233, 233, 224, 223, 223, 154, 123, 123, 123, 123])
631 dict_values([234, 233, 225, 223, 223, 155, 123, 123, 123, 123])
632 dict_values([234, 234, 226, 223, 223, 156, 123, 123, 123, 123])
633 dict_values([234, 234, 228, 223, 223, 157, 123, 123, 123, 123])
634 dict_values([234, 234, 229, 224, 223, 158, 123, 123, 123, 123])
635 dict_values([234, 234, 230, 224, 224, 159, 123, 123, 123, 123])
636 dict_values([234, 234, 231, 224, 224, 161, 123, 123, 123, 123])
637 dict_values([234, 234, 232, 224, 224, 162, 124, 123, 123, 123])
638 dict_values([234, 234, 233, 224, 224, 163, 124, 124, 123, 123])
639 dict_values([234, 234, 234, 224, 224, 164, 124, 124, 124, 123])
640 dict_values([234, 234, 234, 225, 224, 165, 124, 124, 124, 124])
641 dict_values([235, 234, 234, 226, 224, 166, 124, 124, 124, 124])
642 dict_values([235, 235, 234, 227, 224, 167, 124, 124, 124, 124])
643 dict_values([235, 235, 235, 228, 224, 168, 124, 124, 124, 124])
644 dict_values([235, 235, 235, 230, 224, 169, 124, 124, 124, 124])
645 dict_values([235, 235, 235, 231, 225, 170, 124, 124, 124, 124])
646 dict_values([235, 235, 235, 232, 225, 172, 124, 124, 124, 124])
647 dict_values([235, 235, 235, 233, 225, 173, 125, 124, 124, 124])
648 dict_values([235, 235, 235, 234, 225, 174, 125, 125, 124, 124])
649 dict_values([235, 235, 235, 235, 225, 175, 125, 125, 125, 124])
650 dict_values([235, 235, 235, 235, 226, 176, 125, 125, 125, 125])
651 dict_values([236, 235, 235, 235, 227, 177, 125, 125, 125, 125])
652 dict_values([236, 236, 235, 235, 228, 178, 125, 125, 125, 125])
653 dict_values([236, 236, 236, 235, 229, 179, 125, 125, 125, 125])
654 dict_values([236, 236, 236, 236, 230, 180, 125, 125, 125, 125])
655 dict_values([236, 236, 236, 236, 232, 181, 125, 125, 125, 125])
656 dict_values([236, 236, 236, 236, 233, 183, 125, 125, 125, 125])
657 dict_values([236, 236, 236, 236, 234, 184, 126, 125, 125, 125])
658 dict_values([236, 236, 236, 236, 235, 185, 126, 126, 125, 125])
659 dict_values([236, 236, 236, 236, 236, 186, 126, 126, 126, 125])
660 dict_values([236, 236, 236, 236, 236, 188, 126, 126, 126, 126])
661 dict_values([237, 236, 236, 236, 236, 190, 126, 126, 126, 126])
662 dict_values([237, 237, 236, 236, 236, 192, 126, 126, 126, 126])
663 dict_values([237, 237, 237, 236, 236, 194, 126, 126, 126, 126])
664 dict_values([237, 237, 237, 237, 236, 196, 126, 126, 126, 126])
665 dict_values([237, 237, 237, 237, 237, 198, 126, 126, 126, 126])
666 dict_values([237, 237, 237, 237, 237, 201, 126, 126, 126, 126])
667 dict_values([237, 237, 237, 237, 237, 203, 127, 126, 126, 126])
668 dict_values([237, 237, 237, 237, 237, 205, 127, 127, 126, 126])
669 dict_values([237, 237, 237, 237, 237, 207, 127, 127, 127, 126])
670 dict_values([237, 237, 237, 237, 237, 208, 128, 127, 127, 127])
671 dict_values([238, 237, 237, 237, 237, 209, 129, 127, 127, 127])
672 dict_values([238, 238, 237, 237, 237, 210, 130, 127, 127, 127])
673 dict_values([238, 238, 238, 237, 237, 211, 131, 127, 127, 127])
674 dict_values([238, 238, 238, 238, 237, 212, 132, 127, 127, 127])
675 dict_values([238, 238, 238, 238, 238, 213, 133, 127, 127, 127])
676 dict_values([238, 238, 238, 238, 238, 215, 134, 127, 127, 127])
677 dict_values([238, 238, 238, 238, 238, 216, 136, 127, 127, 127])
678 dict_values([238, 238, 238, 238, 238, 217, 137, 128, 127, 127])
679 dict_values([238, 238, 238, 238, 238, 218, 138, 128, 128, 127])
680 dict_values([238, 238, 238, 238, 238, 219, 138, 129, 128, 128])
681 dict_values([239, 238, 238, 238, 238, 220, 138, 130, 128, 128])
682 dict_values([239, 239, 238, 238, 238, 221, 138, 131, 128, 128])
683 dict_values([239, 239, 239, 238, 238, 222, 138, 132, 128, 128])
684 dict_values([239, 239, 239, 239, 238, 223, 138, 133, 128, 128])
685 dict_values([239, 239, 239, 239, 239, 224, 138, 134, 128, 128])
686 dict_values([239, 239, 239, 239, 239, 226, 138, 135, 128, 128])
687 dict_values([239, 239, 239, 239, 239, 227, 139, 136, 128, 128])
688 dict_values([239, 239, 239, 239, 239, 228, 139, 138, 128, 128])
689 dict_values([239, 239, 239, 239, 239, 229, 139, 139, 129, 128])
690 dict_values([239, 239, 239, 239, 239, 230, 139, 139, 130, 129])
691 dict_values([240, 239, 239, 239, 239, 231, 139, 139, 131, 129])
692 dict_values([240, 240, 239, 239, 239, 232, 139, 139, 132, 129])
693 dict_values([240, 240, 240, 239, 239, 233, 139, 139, 133, 129])
694 dict_values([240, 240, 240, 240, 239, 234, 139, 139, 134, 129])
695 dict_values([240, 240, 240, 240, 240, 235, 139, 139, 135, 129])
696 dict_values([240, 240, 240, 240, 240, 237, 139, 139, 136, 129])
697 dict_values([240, 240, 240, 240, 240, 238, 140, 139, 137, 129])
698 dict_values([240, 240, 240, 240, 240, 239, 140, 140, 138, 129])
699 dict_values([240, 240, 240, 240, 240, 240, 140, 140, 140, 129])
700 dict_values([240, 240, 240, 240, 240, 240, 141, 140, 140, 131])
701 dict_values([241, 240, 240, 240, 240, 240, 142, 140, 140, 132])
702 dict_values([241, 241, 240, 240, 240, 240, 143, 140, 140, 133])
703 dict_values([241, 241, 241, 240, 240, 240, 144, 140, 140, 134])
704 dict_values([241, 241, 241, 241, 240, 240, 145, 140, 140, 135])
705 dict_values([241, 241, 241, 241, 241, 240, 146, 140, 140, 136])
706 dict_values([241, 241, 241, 241, 241, 241, 147, 140, 140, 137])
707 dict_values([241, 241, 241, 241, 241, 241, 149, 140, 140, 138])
708 dict_values([241, 241, 241, 241, 241, 241, 150, 141, 140, 139])
709 dict_values([241, 241, 241, 241, 241, 241, 151, 141, 141, 140])
710 dict_values([242, 241, 241, 241, 241, 241, 152, 141, 141, 141])
711 dict_values([244, 241, 241, 241, 241, 241, 153, 141, 141, 141])
712 dict_values([245, 242, 241, 241, 241, 241, 154, 141, 141, 141])
713 dict_values([246, 242, 242, 241, 241, 241, 155, 141, 141, 141])
714 dict_values([247, 242, 242, 242, 241, 241, 156, 141, 141, 141])
715 dict_values([248, 242, 242, 242, 242, 241, 157, 141, 141, 141])
716 dict_values([249, 242, 242, 242, 242, 242, 158, 141, 141, 141])
717 dict_values([250, 242, 242, 242, 242, 242, 160, 141, 141, 141])
718 dict_values([251, 242, 242, 242, 242, 242, 161, 142, 141, 141])
719 dict_values([252, 242, 242, 242, 242, 242, 162, 142, 142, 141])
720 dict_values([252, 243, 242, 242, 242, 242, 163, 142, 142, 142])
721 dict_values([253, 244, 242, 242, 242, 242, 164, 142, 142, 142])
722 dict_values([253, 246, 242, 242, 242, 242, 165, 142, 142, 142])
723 dict_values([253, 247, 243, 242, 242, 242, 166, 142, 142, 142])
724 dict_values([253, 248, 243, 243, 242, 242, 167, 142, 142, 142])
725 dict_values([253, 249, 243, 243, 243, 242, 168, 142, 142, 142])
726 dict_values([253, 250, 243, 243, 243, 243, 169, 142, 142, 142])
727 dict_values([253, 251, 243, 243, 243, 243, 171, 142, 142, 142])
728 dict_values([253, 252, 243, 243, 243, 243, 172, 143, 142, 142])
729 dict_values([253, 253, 243, 243, 243, 243, 173, 143, 143, 142])
730 dict_values([253, 253, 244, 243, 243, 243, 174, 143, 143, 143])
731 dict_values([254, 253, 245, 243, 243, 243, 175, 143, 143, 143])
732 dict_values([254, 254, 246, 243, 243, 243, 176, 143, 143, 143])
733 dict_values([254, 254, 248, 243, 243, 243, 177, 143, 143, 143])
734 dict_values([254, 254, 249, 244, 243, 243, 178, 143, 143, 143])
735 dict_values([254, 254, 250, 244, 244, 243, 179, 143, 143, 143])
736 dict_values([254, 254, 251, 244, 244, 244, 180, 143, 143, 143])
737 dict_values([254, 254, 252, 244, 244, 244, 182, 143, 143, 143])
738 dict_values([254, 254, 253, 244, 244, 244, 183, 144, 143, 143])
739 dict_values([254, 254, 254, 244, 244, 244, 184, 144, 144, 143])
740 dict_values([254, 254, 254, 245, 244, 244, 185, 144, 144, 144])
741 dict_values([255, 254, 254, 246, 244, 244, 186, 144, 144, 144])
742 dict_values([255, 255, 254, 247, 244, 244, 187, 144, 144, 144])
743 dict_values([255, 255, 255, 248, 244, 244, 188, 144, 144, 144])
744 dict_values([255, 255, 255, 250, 244, 244, 189, 144, 144, 144])
745 dict_values([255, 255, 255, 251, 245, 244, 190, 144, 144, 144])
746 dict_values([255, 255, 255, 252, 245, 245, 191, 144, 144, 144])
747 dict_values([255, 255, 255, 253, 245, 245, 193, 144, 144, 144])
748 dict_values([255, 255, 255, 254, 245, 245, 194, 145, 144, 144])
749 dict_values([255, 255, 255, 255, 245, 245, 195, 145, 145, 144])
750 dict_values([255, 255, 255, 255, 246, 245, 196, 145, 145, 145])
751 dict_values([256, 255, 255, 255, 247, 245, 197, 145, 145, 145])
752 dict_values([256, 256, 255, 255, 248, 245, 198, 145, 145, 145])
753 dict_values([256, 256, 256, 255, 249, 245, 199, 145, 145, 145])
754 dict_values([256, 256, 256, 256, 250, 245, 200, 145, 145, 145])
755 dict_values([256, 256, 256, 256, 252, 245, 201, 145, 145, 145])
756 dict_values([256, 256, 256, 256, 253, 246, 202, 145, 145, 145])
757 dict_values([256, 256, 256, 256, 254, 246, 204, 145, 145, 145])
758 dict_values([256, 256, 256, 256, 255, 246, 205, 146, 145, 145])
759 dict_values([256, 256, 256, 256, 256, 246, 206, 146, 146, 145])
760 dict_values([256, 256, 256, 256, 256, 247, 207, 146, 146, 146])
761 dict_values([257, 256, 256, 256, 256, 248, 208, 146, 146, 146])
762 dict_values([257, 257, 256, 256, 256, 249, 209, 146, 146, 146])
763 dict_values([257, 257, 257, 256, 256, 250, 210, 146, 146, 146])
764 dict_values([257, 257, 257, 257, 256, 251, 211, 146, 146, 146])
765 dict_values([257, 257, 257, 257, 257, 252, 212, 146, 146, 146])
766 dict_values([257, 257, 257, 257, 257, 254, 213, 146, 146, 146])
767 dict_values([257, 257, 257, 257, 257, 255, 215, 146, 146, 146])
768 dict_values([257, 257, 257, 257, 257, 256, 216, 147, 146, 146])
769 dict_values([257, 257, 257, 257, 257, 257, 217, 147, 147, 146])
770 dict_values([257, 257, 257, 257, 257, 257, 219, 147, 147, 147])
771 dict_values([258, 257, 257, 257, 257, 257, 221, 147, 147, 147])
772 dict_values([258, 258, 257, 257, 257, 257, 223, 147, 147, 147])
773 dict_values([258, 258, 258, 257, 257, 257, 225, 147, 147, 147])
774 dict_values([258, 258, 258, 258, 257, 257, 227, 147, 147, 147])
775 dict_values([258, 258, 258, 258, 258, 257, 229, 147, 147, 147])
776 dict_values([258, 258, 258, 258, 258, 258, 231, 147, 147, 147])
777 dict_values([258, 258, 258, 258, 258, 258, 234, 147, 147, 147])
778 dict_values([258, 258, 258, 258, 258, 258, 236, 148, 147, 147])
779 dict_values([258, 258, 258, 258, 258, 258, 238, 148, 148, 147])
780 dict_values([258, 258, 258, 258, 258, 258, 239, 149, 148, 148])
781 dict_values([259, 258, 258, 258, 258, 258, 240, 150, 148, 148])
782 dict_values([259, 259, 258, 258, 258, 258, 241, 151, 148, 148])
783 dict_values([259, 259, 259, 258, 258, 258, 242, 152, 148, 148])
784 dict_values([259, 259, 259, 259, 258, 258, 243, 153, 148, 148])
785 dict_values([259, 259, 259, 259, 259, 258, 244, 154, 148, 148])
786 dict_values([259, 259, 259, 259, 259, 259, 245, 155, 148, 148])
787 dict_values([259, 259, 259, 259, 259, 259, 247, 156, 148, 148])
788 dict_values([259, 259, 259, 259, 259, 259, 248, 158, 148, 148])
789 dict_values([259, 259, 259, 259, 259, 259, 249, 159, 149, 148])
790 dict_values([259, 259, 259, 259, 259, 259, 250, 159, 150, 149])
791 dict_values([260, 259, 259, 259, 259, 259, 251, 159, 151, 149])
792 dict_values([260, 260, 259, 259, 259, 259, 252, 159, 152, 149])
793 dict_values([260, 260, 260, 259, 259, 259, 253, 159, 153, 149])
794 dict_values([260, 260, 260, 260, 259, 259, 254, 159, 154, 149])
795 dict_values([260, 260, 260, 260, 260, 259, 255, 159, 155, 149])
796 dict_values([260, 260, 260, 260, 260, 260, 256, 159, 156, 149])
797 dict_values([260, 260, 260, 260, 260, 260, 258, 159, 157, 149])
798 dict_values([260, 260, 260, 260, 260, 260, 259, 160, 158, 149])
799 dict_values([260, 260, 260, 260, 260, 260, 260, 160, 160, 149])
800 dict_values([260, 260, 260, 260, 260, 260, 260, 161, 160, 151])
801 dict_values([261, 260, 260, 260, 260, 260, 260, 162, 160, 152])
802 dict_values([261, 261, 260, 260, 260, 260, 260, 163, 160, 153])
803 dict_values([261, 261, 261, 260, 260, 260, 260, 164, 160, 154])
804 dict_values([261, 261, 261, 261, 260, 260, 260, 165, 160, 155])
805 dict_values([261, 261, 261, 261, 261, 260, 260, 166, 160, 156])
806 dict_values([261, 261, 261, 261, 261, 261, 260, 167, 160, 157])
807 dict_values([261, 261, 261, 261, 261, 261, 261, 168, 160, 158])
808 dict_values([261, 261, 261, 261, 261, 261, 261, 170, 160, 159])
809 dict_values([261, 261, 261, 261, 261, 261, 261, 171, 161, 160])
810 dict_values([262, 261, 261, 261, 261, 261, 261, 172, 161, 161])
811 dict_values([264, 261, 261, 261, 261, 261, 261, 173, 161, 161])
812 dict_values([265, 262, 261, 261, 261, 261, 261, 174, 161, 161])
813 dict_values([266, 262, 262, 261, 261, 261, 261, 175, 161, 161])
814 dict_values([267, 262, 262, 262, 261, 261, 261, 176, 161, 161])
815 dict_values([268, 262, 262, 262, 262, 261, 261, 177, 161, 161])
816 dict_values([269, 262, 262, 262, 262, 262, 261, 178, 161, 161])
817 dict_values([270, 262, 262, 262, 262, 262, 262, 179, 161, 161])
818 dict_values([271, 262, 262, 262, 262, 262, 262, 181, 161, 161])
819 dict_values([272, 262, 262, 262, 262, 262, 262, 182, 162, 161])
820 dict_values([272, 263, 262, 262, 262, 262, 262, 183, 162, 162])
821 dict_values([273, 264, 262, 262, 262, 262, 262, 184, 162, 162])
822 dict_values([273, 266, 262, 262, 262, 262, 262, 185, 162, 162])
823 dict_values([273, 267, 263, 262, 262, 262, 262, 186, 162, 162])
824 dict_values([273, 268, 263, 263, 262, 262, 262, 187, 162, 162])
825 dict_values([273, 269, 263, 263, 263, 262, 262, 188, 162, 162])
826 dict_values([273, 270, 263, 263, 263, 263, 262, 189, 162, 162])
827 dict_values([273, 271, 263, 263, 263, 263, 263, 190, 162, 162])
828 dict_values([273, 272, 263, 263, 263, 263, 263, 192, 162, 162])
829 dict_values([273, 273, 263, 263, 263, 263, 263, 193, 163, 162])
830 dict_values([273, 273, 264, 263, 263, 263, 263, 194, 163, 163])
831 dict_values([274, 273, 265, 263, 263, 263, 263, 195, 163, 163])
832 dict_values([274, 274, 266, 263, 263, 263, 263, 196, 163, 163])
833 dict_values([274, 274, 268, 263, 263, 263, 263, 197, 163, 163])
834 dict_values([274, 274, 269, 264, 263, 263, 263, 198, 163, 163])
835 dict_values([274, 274, 270, 264, 264, 263, 263, 199, 163, 163])
836 dict_values([274, 274, 271, 264, 264, 264, 263, 200, 163, 163])
837 dict_values([274, 274, 272, 264, 264, 264, 264, 201, 163, 163])
838 dict_values([274, 274, 273, 264, 264, 264, 264, 203, 163, 163])
839 dict_values([274, 274, 274, 264, 264, 264, 264, 204, 164, 163])
840 dict_values([274, 274, 274, 265, 264, 264, 264, 205, 164, 164])
841 dict_values([275, 274, 274, 266, 264, 264, 264, 206, 164, 164])
842 dict_values([275, 275, 274, 267, 264, 264, 264, 207, 164, 164])
843 dict_values([275, 275, 275, 268, 264, 264, 264, 208, 164, 164])
844 dict_values([275, 275, 275, 270, 264, 264, 264, 209, 164, 164])
845 dict_values([275, 275, 275, 271, 265, 264, 264, 210, 164, 164])
846 dict_values([275, 275, 275, 272, 265, 265, 264, 211, 164, 164])
847 dict_values([275, 275, 275, 273, 265, 265, 265, 212, 164, 164])
848 dict_values([275, 275, 275, 274, 265, 265, 265, 214, 164, 164])
849 dict_values([275, 275, 275, 275, 265, 265, 265, 215, 165, 164])
850 dict_values([275, 275, 275, 275, 266, 265, 265, 216, 165, 165])
851 dict_values([276, 275, 275, 275, 267, 265, 265, 217, 165, 165])
852 dict_values([276, 276, 275, 275, 268, 265, 265, 218, 165, 165])
853 dict_values([276, 276, 276, 275, 269, 265, 265, 219, 165, 165])
854 dict_values([276, 276, 276, 276, 270, 265, 265, 220, 165, 165])
855 dict_values([276, 276, 276, 276, 272, 265, 265, 221, 165, 165])
856 dict_values([276, 276, 276, 276, 273, 266, 265, 222, 165, 165])
857 dict_values([276, 276, 276, 276, 274, 266, 266, 223, 165, 165])
858 dict_values([276, 276, 276, 276, 275, 266, 266, 225, 165, 165])
859 dict_values([276, 276, 276, 276, 276, 266, 266, 226, 166, 165])
860 dict_values([276, 276, 276, 276, 276, 267, 266, 227, 166, 166])
861 dict_values([277, 276, 276, 276, 276, 268, 266, 228, 166, 166])
862 dict_values([277, 277, 276, 276, 276, 269, 266, 229, 166, 166])
863 dict_values([277, 277, 277, 276, 276, 270, 266, 230, 166, 166])
864 dict_values([277, 277, 277, 277, 276, 271, 266, 231, 166, 166])
865 dict_values([277, 277, 277, 277, 277, 272, 266, 232, 166, 166])
866 dict_values([277, 277, 277, 277, 277, 274, 266, 233, 166, 166])
867 dict_values([277, 277, 277, 277, 277, 275, 267, 234, 166, 166])
868 dict_values([277, 277, 277, 277, 277, 276, 267, 236, 166, 166])
869 dict_values([277, 277, 277, 277, 277, 277, 267, 237, 167, 166])
870 dict_values([277, 277, 277, 277, 277, 277, 268, 238, 167, 167])
871 dict_values([278, 277, 277, 277, 277, 277, 269, 239, 167, 167])
872 dict_values([278, 278, 277, 277, 277, 277, 270, 240, 167, 167])
873 dict_values([278, 278, 278, 277, 277, 277, 271, 241, 167, 167])
874 dict_values([278, 278, 278, 278, 277, 277, 272, 242, 167, 167])
875 dict_values([278, 278, 278, 278, 278, 277, 273, 243, 167, 167])
876 dict_values([278, 278, 278, 278, 278, 278, 274, 244, 167, 167])
877 dict_values([278, 278, 278, 278, 278, 278, 276, 245, 167, 167])
878 dict_values([278, 278, 278, 278, 278, 278, 277, 247, 167, 167])
879 dict_values([278, 278, 278, 278, 278, 278, 278, 248, 168, 167])
880 dict_values([278, 278, 278, 278, 278, 278, 278, 250, 168, 168])
881 dict_values([279, 278, 278, 278, 278, 278, 278, 252, 168, 168])
882 dict_values([279, 279, 278, 278, 278, 278, 278, 254, 168, 168])
883 dict_values([279, 279, 279, 278, 278, 278, 278, 256, 168, 168])
884 dict_values([279, 279, 279, 279, 278, 278, 278, 258, 168, 168])
885 dict_values([279, 279, 279, 279, 279, 278, 278, 260, 168, 168])
886 dict_values([279, 279, 279, 279, 279, 279, 278, 262, 168, 168])
887 dict_values([279, 279, 279, 279, 279, 279, 279, 264, 168, 168])
888 dict_values([279, 279, 279, 279, 279, 279, 279, 267, 168, 168])
889 dict_values([279, 279, 279, 279, 279, 279, 279, 269, 169, 168])
890 dict_values([279, 279, 279, 279, 279, 279, 279, 270, 170, 169])
891 dict_values([280, 279, 279, 279, 279, 279, 279, 271, 171, 169])
892 dict_values([280, 280, 279, 279, 279, 279, 279, 272, 172, 169])
893 dict_values([280, 280, 280, 279, 279, 279, 279, 273, 173, 169])
894 dict_values([280, 280, 280, 280, 279, 279, 279, 274, 174, 169])
895 dict_values([280, 280, 280, 280, 280, 279, 279, 275, 175, 169])
896 dict_values([280, 280, 280, 280, 280, 280, 279, 276, 176, 169])
897 dict_values([280, 280, 280, 280, 280, 280, 280, 277, 177, 169])
898 dict_values([280, 280, 280, 280, 280, 280, 280, 279, 178, 169])
899 dict_values([280, 280, 280, 280, 280, 280, 280, 280, 180, 169])
900 dict_values([280, 280, 280, 280, 280, 280, 280, 280, 181, 171])
901 dict_values([281, 280, 280, 280, 280, 280, 280, 280, 182, 172])
902 dict_values([281, 281, 280, 280, 280, 280, 280, 280, 183, 173])
903 dict_values([281, 281, 281, 280, 280, 280, 280, 280, 184, 174])
904 dict_values([281, 281, 281, 281, 280, 280, 280, 280, 185, 175])
905 dict_values([281, 281, 281, 281, 281, 280, 280, 280, 186, 176])
906 dict_values([281, 281, 281, 281, 281, 281, 280, 280, 187, 177])
907 dict_values([281, 281, 281, 281, 281, 281, 281, 280, 188, 178])
908 dict_values([281, 281, 281, 281, 281, 281, 281, 281, 189, 179])
909 dict_values([281, 281, 281, 281, 281, 281, 281, 281, 191, 180])
910 dict_values([282, 281, 281, 281, 281, 281, 281, 281, 192, 181])
911 dict_values([284, 281, 281, 281, 281, 281, 281, 281, 193, 181])
912 dict_values([285, 282, 281, 281, 281, 281, 281, 281, 194, 181])
913 dict_values([286, 282, 282, 281, 281, 281, 281, 281, 195, 181])
914 dict_values([287, 282, 282, 282, 281, 281, 281, 281, 196, 181])
915 dict_values([288, 282, 282, 282, 282, 281, 281, 281, 197, 181])
916 dict_values([289, 282, 282, 282, 282, 282, 281, 281, 198, 181])
917 dict_values([290, 282, 282, 282, 282, 282, 282, 281, 199, 181])
918 dict_values([291, 282, 282, 282, 282, 282, 282, 282, 200, 181])
919 dict_values([292, 282, 282, 282, 282, 282, 282, 282, 202, 181])
920 dict_values([292, 283, 282, 282, 282, 282, 282, 282, 203, 182])
921 dict_values([293, 284, 282, 282, 282, 282, 282, 282, 204, 182])
922 dict_values([293, 286, 282, 282, 282, 282, 282, 282, 205, 182])
923 dict_values([293, 287, 283, 282, 282, 282, 282, 282, 206, 182])
924 dict_values([293, 288, 283, 283, 282, 282, 282, 282, 207, 182])
925 dict_values([293, 289, 283, 283, 283, 282, 282, 282, 208, 182])
926 dict_values([293, 290, 283, 283, 283, 283, 282, 282, 209, 182])
927 dict_values([293, 291, 283, 283, 283, 283, 283, 282, 210, 182])
928 dict_values([293, 292, 283, 283, 283, 283, 283, 283, 211, 182])
929 dict_values([293, 293, 283, 283, 283, 283, 283, 283, 213, 182])
930 dict_values([293, 293, 284, 283, 283, 283, 283, 283, 214, 183])
931 dict_values([294, 293, 285, 283, 283, 283, 283, 283, 215, 183])
932 dict_values([294, 294, 286, 283, 283, 283, 283, 283, 216, 183])
933 dict_values([294, 294, 288, 283, 283, 283, 283, 283, 217, 183])
934 dict_values([294, 294, 289, 284, 283, 283, 283, 283, 218, 183])
935 dict_values([294, 294, 290, 284, 284, 283, 283, 283, 219, 183])
936 dict_values([294, 294, 291, 284, 284, 284, 283, 283, 220, 183])
937 dict_values([294, 294, 292, 284, 284, 284, 284, 283, 221, 183])
938 dict_values([294, 294, 293, 284, 284, 284, 284, 284, 222, 183])
939 dict_values([294, 294, 294, 284, 284, 284, 284, 284, 224, 183])
940 dict_values([294, 294, 294, 285, 284, 284, 284, 284, 225, 184])
941 dict_values([295, 294, 294, 286, 284, 284, 284, 284, 226, 184])
942 dict_values([295, 295, 294, 287, 284, 284, 284, 284, 227, 184])
943 dict_values([295, 295, 295, 288, 284, 284, 284, 284, 228, 184])
944 dict_values([295, 295, 295, 290, 284, 284, 284, 284, 229, 184])
945 dict_values([295, 295, 295, 291, 285, 284, 284, 284, 230, 184])
946 dict_values([295, 295, 295, 292, 285, 285, 284, 284, 231, 184])
947 dict_values([295, 295, 295, 293, 285, 285, 285, 284, 232, 184])
948 dict_values([295, 295, 295, 294, 285, 285, 285, 285, 233, 184])
949 dict_values([295, 295, 295, 295, 285, 285, 285, 285, 235, 184])
950 dict_values([295, 295, 295, 295, 286, 285, 285, 285, 236, 185])
951 dict_values([296, 295, 295, 295, 287, 285, 285, 285, 237, 185])
952 dict_values([296, 296, 295, 295, 288, 285, 285, 285, 238, 185])
953 dict_values([296, 296, 296, 295, 289, 285, 285, 285, 239, 185])
954 dict_values([296, 296, 296, 296, 290, 285, 285, 285, 240, 185])
955 dict_values([296, 296, 296, 296, 292, 285, 285, 285, 241, 185])
956 dict_values([296, 296, 296, 296, 293, 286, 285, 285, 242, 185])
957 dict_values([296, 296, 296, 296, 294, 286, 286, 285, 243, 185])
958 dict_values([296, 296, 296, 296, 295, 286, 286, 286, 244, 185])
959 dict_values([296, 296, 296, 296, 296, 286, 286, 286, 246, 185])
960 dict_values([296, 296, 296, 296, 296, 287, 286, 286, 247, 186])
961 dict_values([297, 296, 296, 296, 296, 288, 286, 286, 248, 186])
962 dict_values([297, 297, 296, 296, 296, 289, 286, 286, 249, 186])
963 dict_values([297, 297, 297, 296, 296, 290, 286, 286, 250, 186])
964 dict_values([297, 297, 297, 297, 296, 291, 286, 286, 251, 186])
965 dict_values([297, 297, 297, 297, 297, 292, 286, 286, 252, 186])
966 dict_values([297, 297, 297, 297, 297, 294, 286, 286, 253, 186])
967 dict_values([297, 297, 297, 297, 297, 295, 287, 286, 254, 186])
968 dict_values([297, 297, 297, 297, 297, 296, 287, 287, 255, 186])
969 dict_values([297, 297, 297, 297, 297, 297, 287, 287, 257, 186])
970 dict_values([297, 297, 297, 297, 297, 297, 288, 287, 258, 187])
971 dict_values([298, 297, 297, 297, 297, 297, 289, 287, 259, 187])
972 dict_values([298, 298, 297, 297, 297, 297, 290, 287, 260, 187])
973 dict_values([298, 298, 298, 297, 297, 297, 291, 287, 261, 187])
974 dict_values([298, 298, 298, 298, 297, 297, 292, 287, 262, 187])
975 dict_values([298, 298, 298, 298, 298, 297, 293, 287, 263, 187])
976 dict_values([298, 298, 298, 298, 298, 298, 294, 287, 264, 187])
977 dict_values([298, 298, 298, 298, 298, 298, 296, 287, 265, 187])
978 dict_values([298, 298, 298, 298, 298, 298, 297, 288, 266, 187])
979 dict_values([298, 298, 298, 298, 298, 298, 298, 288, 268, 187])
980 dict_values([298, 298, 298, 298, 298, 298, 298, 289, 269, 188])
981 dict_values([299, 298, 298, 298, 298, 298, 298, 290, 270, 188])
982 dict_values([299, 299, 298, 298, 298, 298, 298, 291, 271, 188])
983 dict_values([299, 299, 299, 298, 298, 298, 298, 292, 272, 188])
984 dict_values([299, 299, 299, 299, 298, 298, 298, 293, 273, 188])
985 dict_values([299, 299, 299, 299, 299, 298, 298, 294, 274, 188])
986 dict_values([299, 299, 299, 299, 299, 299, 298, 295, 275, 188])
987 dict_values([299, 299, 299, 299, 299, 299, 299, 296, 276, 188])
988 dict_values([299, 299, 299, 299, 299, 299, 299, 298, 277, 188])
989 dict_values([299, 299, 299, 299, 299, 299, 299, 299, 279, 188])
990 dict_values([299, 299, 299, 299, 299, 299, 299, 299, 281, 189])
991 dict_values([300, 299, 299, 299, 299, 299, 299, 299, 283, 189])
992 dict_values([300, 300, 299, 299, 299, 299, 299, 299, 285, 189])
993 dict_values([300, 300, 300, 299, 299, 299, 299, 299, 287, 189])
994 dict_values([300, 300, 300, 300, 299, 299, 299, 299, 289, 189])
995 dict_values([300, 300, 300, 300, 300, 299, 299, 299, 291, 189])
996 dict_values([300, 300, 300, 300, 300, 300, 299, 299, 293, 189])
997 dict_values([300, 300, 300, 300, 300, 300, 300, 299, 295, 189])
998 dict_values([300, 300, 300, 300, 300, 300, 300, 300, 297, 189])
999 dict_values([300, 300, 300, 300, 300, 300, 300, 300, 300, 189])
1000 dict_values([301, 300, 300, 300, 300, 300, 300, 300, 300, 192])
1001 dict_values([303, 300, 300, 300, 300, 300, 300, 300, 300, 194])
